940422025
940485220
940485220
993543622
141781221
141399422
141781322
141781322
141781322
80894114
80894114
940486222
940529023
993543824
993543824
993543824
101361107
101361107
101361107
101361107
101361107
101361107
101361107
101361107
101361107
101361107
101361107
940233923
940437421
940367927
940420526
940552122
940447129
993543521
993543521
993543521
993543521
993543521
940420223
940534922
81056905
32526989
20354239
20282240
20282240
20524514
20524514
20524514
20568980
401572300
920333200
930858408
20286893
886696309
940550229
563532302
20494789
376595308
376595308
886794407
20473167
940527726
993264908
20422707
20422707
886813106
886696501
886696501
20351222
20322771
20318679
20339853
33026917
886780701
20290286
20074906
993446828
940359324
141721922
20568897
20569071
20569738
20324006
20349247
20349247
33421453
20318629
20318629
20564250
20559159
20567204
622378305
20388741
994192223
940464821
940339625
848407021
140430024
140430024
940421124
940424120
940440922
940440922
940440922
31999400
32216747
886779901
20568876
20568876
20531256
994857908
886682501
886651102
20315553
20315553
20315553
33208629
20132280
886698000
20280662
20568975
20569159
20349908
33818445
741427607
741427607
741427607
940460429
940480128
940423421
940023827
563372414
940423229
993447022
993447022
993447022
993353628
80872411
141365522
886637002
886824705
20516164
20516164
20315324
20478822
20478822
20478822
20319574
20522274
886780004
20414043
20414043
20495840
14940134
940350022
940350022
940350022
20363371
20374353
940373929
741427708
741427708
741427708
20321712
33214845
886780206
20474864
20484411
161484807
141794521
886688605
19970805
20568868
401574001
882394202
32809837
32759110
885689505
33703577
940396029
20347682
20496246
886307800
940446026
34142355
34142355
940441722
940441722
20561126
151231103
20463675
20463675
940310422
741413316
994614408
33492120
141721720
141721720
141782324
563411026
20568871
20568871
40743801
34048416
655700728
33947596
885176305
20287765
20287765
20287765
141881122
41411202
940512825
20528682
940376724
20361581
